Constant 3526.422110689
Beta1 90.02031094293979
Beta2 1.268990014669691
Beta3 23.406235768005455
Beta4 722.4606713810812
,Actual values,Fitted values
0,3900,4630.072077772284
1,4020,4646.304431139903
2,4290,5315.19786511779
3,4380,4418.295986699509
4,4380,4396.539437950573
5,4380,4770.509492380316
6,4380,4840.728199684332
7,4380,4752.813711678324
8,4440,5018.7134974693345
9,4500,4382.790786299359
10,4500,5061.536241713739
11,4620,4742.872030071118
12,4800,4803.538614619505
13,4800,5152.623204756422
14,4800,4901.49956138171
15,4800,5018.530740221738
16,4800,5201.549399824588
17,4800,5351.150062548844
18,4800,5094.386043611503
19,4800,5504.5576953171085
20,4800,5113.557273361436
21,4800,5589.404485435432
22,4980,5235.2793170976165
23,5100,5140.813419984988
24,5100,5003.443019052469
25,5100,5009.223553621866
26,5100,5046.066862288118
27,5100,5179.735070325618
28,5100,5403.707686796473
29,5160,4910.382491484397
30,5220,5054.802417000985
31,5220,5446.608411139487
32,5280,4618.262293000851
33,5280,4511.0989367877655
34,5280,4999.916367021995
35,5400,5261.931886882559
36,5400,5308.3201019213875
37,5400,4897.12817583375
38,5400,5424.755262876567
39,5400,5169.824649457846
40,5400,5389.503860479351
41,5400,5453.093520219603
42,5400,4939.705641351688
43,5400,5211.463600169241
44,5400,5570.875651288059
45,5400,5432.976216709366
46,5400,5803.949336966979
47,5520,5127.66388148333
48,5520,5604.387429455712
49,5580,5476.994091988175
50,5640,4887.11641472316
51,5700,5259.218365988676
52,5700,5339.659072913433
53,5700,5339.351273637344
54,5700,5211.603759176009
55,5700,5978.365384480678
56,6000,5462.400706819473
57,6000,5280.623555968739
58,6120,5362.781211191023
59,6300,5488.839258617386
60,6300,5520.957004741877
61,4620,5858.65708545018
62,5040,5687.17201372357
63,5100,5908.638252545985
64,5100,5775.670839542322
65,5220,5693.614524562856
66,5400,5829.540394616161
67,5400,5634.8167273908675
68,5400,5542.741092347051
69,5400,5808.644657614941
70,5400,6312.223454928657
71,5700,5761.902265582315
72,6000,5866.653025436015
73,6000,5406.394745273442
74,6000,5767.640201910882
75,6000,5578.556910248217
76,6000,6172.5957345510415
77,6000,5906.380590530181
78,6000,6119.010276967619
79,6000,5935.193261564991
80,6000,6393.236136311126
81,6000,5951.125716251746
82,6000,6452.8085874972185
83,6000,6110.738140086592
84,6000,5817.165510128605
85,6300,6088.460735326488
86,6600,6054.902579441125
87,6600,6478.188387790612
88,6600,6247.154566663583
89,6840,5815.6941821990085
90,6900,5785.262123632609
91,6900,6328.443786582708
92,8100,6530.773493300795
"R-Squared = " 257476.57875035025
"MSE = " 0.48864070146835925
