ID  Actual class  Resub pred
  1             1           1
  2             1           1
  3             1           1
  4             1           1
  5             1           1
  6             1           2
  7             1           1
  8             1           1
  9             1           1
 10             1           2
 11             1           1
 12             1           1
 13             1           1
 14             1           1
 15             1           1
 16             1           1
 17             1           1
 18             1           1
 19             1           1
 20             1           3
 21             1           2
 22             2           2
 23             2           2
 24             2           2
 25             2           2
 26             2           1
 27             2           2
 28             2           2
 29             2           2
 30             2           2
 31             2           2
 32             2           2
 33             2           1
 34             2           2
 35             2           2
 36             2           2
 37             2           2
 38             2           2
 39             2           2
 40             2           2
 41             2           2
 42             2           2
 43             2           1
 44             3           3
 45             3           3
 46             3           3
 47             3           3
 48             3           3
 49             3           3
 50             3           3
 51             3           3
 52             3           3
 53             3           3
 54             3           3
 55             3           3
 56             3           3
 57             3           3
 58             3           3
 59             3           3
 60             3           3
 61             3           3
 62             3           3
 63             3           3
 64             3           3
 65             3           3
 66             4           4
 67             4           4
 68             4           4
 69             4           4
 70             4           4
 71             4           4
 72             4           4
 73             4           4
 74             4           4
 75             4           4
 76             4           4
 77             4           4
 78             4           4
 79             4           4
 80             4           4
 81             4           4
 82             4           4
 83             4           4
 84             4           4
 85             4           4
 86             1           1
 87             1           1
 88             1           1
 89             1           1
 90             1           1
 91             1           1
 92             1           1
 93             1           1
 94             1           1
 95             1           1
 96             1           1
 97             1           1
 98             1           1
 99             1           2
100             1           1
101             1           1
102             1           1
103             1           1
104             1           1
105             1           1
106             1           1
107             2           2
108             2           2
109             2           2
110             2           1
111             2           2
112             2           2
113             2           1
114             2           2
115             2           2
116             2           2
117             2           2
118             2           2
119             2           2
120             2           2
121             2           2
122             2           4
123             2           1
124             2           3
125             2           2
126             2           2
127             2           4
128             2           2
129             3           1
130             3           3
131             3           3
132             3           4
133             3           3
134             3           3
135             3           3
136             3           3
137             3           3
138             3           3
139             3           3
140             3           3
141             3           3
142             3           3
143             3           3
144             3           3
145             3           3
146             3           3
147             3           3
148             3           3
149             3           3
150             3           3
151             4           4
152             4           4
153             4           4
154             4           4
155             4           4
156             4           4
157             4           4
158             4           4
159             4           4
160             4           4
161             4           4
162             4           4
163             4           4
164             4           4
165             4           4
166             4           4
167             4           4
168             4           4
169             4           4
170             4           4
171             1           1
172             1           1
173             1           1
174             1           1
175             1           2
176             1           2
177             1           2
178             1           1
179             1           2
180             1           2
181             1           1
182             1           1
183             1           1
184             1           1
185             1           2
186             1           1
187             1           1
188             1           1
189             1           1
190             1           1
191             1           4
192             2           2
193             2           1
194             2           2
195             2           1
196             2           1
197             2           1
198             2           1
199             2           1
200             2           2
201             2           2
202             2           2
203             2           2
204             2           2
205             2           1
206             2           1
207             2           2
208             2           2
209             2           2
210             2           1
211             2           1
212             2           1
213             2           2
214             3           3
215             3           3
216             3           3
217             3           3
218             3           3
219             3           3
220             3           3
221             3           3
222             3           3
223             3           3
224             3           3
225             3           3
226             3           3
227             3           3
228             3           3
229             3           3
230             3           3
231             3           3
232             3           3
233             3           3
234             3           3
235             3           3
236             4           4
237             4           4
238             4           4
239             4           4
240             4           4
241             4           4
242             4           4
243             4           4
244             4           4
245             4           4
246             4           4
247             4           4
248             4           4
249             4           4
250             4           4
251             4           4
252             4           4
253             4           4
254             4           4
255             4           4
256             1           1
257             1           2
258             1           1
259             1           1
260             1           1
261             1           1
262             1           1
263             1           2
264             1           2
265             1           4
266             1           1
267             1           2
268             1           2
269             1           1
270             1           1
271             1           1
272             1           1
273             1           1
274             1           2
275             1           1
276             1           1
277             2           2
278             2           2
279             2           1
280             2           1
281             2           2
282             2           2
283             2           2
284             2           2
285             2           1
286             2           2
287             2           2
288             2           2
289             2           2
290             2           2
291             2           1
292             2           2
293             2           2
294             2           1
295             2           1
296             2           1
297             2           2
298             2           2
299             3           3
300             3           3
301             3           3
302             3           3
303             3           3
304             3           3
305             3           3
306             3           3
307             3           3
308             3           3
309             3           3
310             3           3
311             3           3
312             3           3
313             3           3
314             3           3
315             3           3
316             3           3
317             3           3
318             3           1
319             3           3
320             3           3
321             4           4
322             4           4
323             4           4
324             4           4
325             4           4
326             4           4
327             4           4
328             4           4
329             4           4
330             4           4
331             4           4
332             4           4
333             4           4
334             4           4
335             4           4
336             4           4
337             4           4
338             4           1
339             4           4
340             4           4
341             1           1
342             1           3
343             1           1
344             1           2
345             1           1
346             1           1
347             1           1
348             1           4
349             1           2
350             1           2
351             1           1
352             1           1
353             1           1
354             1           1
355             1           2
356             1           2
357             1           1
358             1           2
359             1           1
360             1           2
361             1           4
362             2           2
363             2           2
364             2           2
365             2           1
366             2           1
367             2           2
368             2           2
369             2           2
370             2           1
371             2           2
372             2           4
373             2           2
374             2           2
375             2           2
376             2           2
377             2           2
378             2           2
379             2           1
380             2           1
381             2           2
382             2           2
383             2           1
384             3           3
385             3           3
386             3           3
387             3           3
388             3           3
389             3           3
390             3           3
391             3           3
392             3           3
393             3           3
394             3           3
395             3           3
396             3           3
397             3           3
398             3           3
399             3           3
400             3           2
401             3           3
402             3           3
403             3           3
404             3           3
405             3           3
406             4           4
407             4           4
408             4           4
409             4           4
410             4           4
411             4           4
412             4           4
413             4           4
414             4           4
415             4           4
416             4           4
417             4           4
418             4           4
419             4           4
420             4           4
421             4           4
422             4           4
423             4           4
424             4           4
425             4           4
Resub pred     1   2    3   4
Actual class                 
1             76  23    2   4
2             30  76    1   3
3              2   1  106   1
4              1   0    0  99
0.84
ID  Actual class  Test pred
  1             1          2
  2             1          1
  3             1          2
  4             1          4
  5             1          2
  6             1          1
  7             1          2
  8             1          1
  9             1          1
 10             1          2
 11             1          1
 12             1          1
 13             1          2
 14             1          2
 15             1          1
 16             1          1
 17             1          1
 18             1          3
 19             1          1
 20             1          1
 21             1          1
 22             2          2
 23             2          3
 24             2          2
 25             2          1
 26             2          3
 27             2          1
 28             2          2
 29             2          2
 30             2          2
 31             2          1
 32             2          2
 33             2          3
 34             2          2
 35             2          1
 36             2          1
 37             2          1
 38             2          2
 39             2          3
 40             2          1
 41             2          2
 42             2          2
 43             2          1
 44             3          3
 45             3          3
 46             3          3
 47             3          3
 48             3          3
 49             3          3
 50             3          3
 51             3          3
 52             3          3
 53             3          3
 54             3          3
 55             3          3
 56             3          3
 57             3          3
 58             3          3
 59             3          3
 60             3          3
 61             3          3
 62             3          3
 63             3          3
 64             3          3
 65             3          3
 66             4          4
 67             4          4
 68             4          4
 69             4          4
 70             4          4
 71             4          4
 72             4          4
 73             4          4
 74             4          3
 75             4          4
 76             4          4
 77             4          4
 78             4          4
 79             4          4
 80             4          4
 81             4          4
 82             4          4
 83             4          4
 84             4          4
 85             4          4
 86             1          2
 87             1          2
 88             1          1
 89             1          1
 90             1          1
 91             1          2
 92             1          1
 93             1          2
 94             1          1
 95             1          1
 96             1          1
 97             1          1
 98             1          2
 99             1          2
100             1          2
101             1          1
102             1          2
103             1          1
104             1          1
105             1          2
106             1          4
107             2          2
108             2          1
109             2          4
110             2          1
111             2          2
112             2          3
113             2          4
114             2          1
115             2          2
116             2          1
117             2          2
118             2          3
119             2          2
120             2          4
121             2          3
122             2          2
123             2          2
124             2          1
125             2          2
126             2          1
127             2          2
128             2          2
129             3          3
130             3          3
131             3          3
132             3          3
133             3          3
134             3          3
135             3          3
136             3          3
137             3          3
138             3          3
139             3          3
140             3          3
141             3          3
142             3          3
143             3          3
144             3          3
145             3          3
146             3          3
147             3          3
148             3          3
149             3          3
150             3          3
151             4          4
152             4          4
153             4          4
154             4          4
155             4          4
156             4          4
157             4          4
158             4          4
159             4          4
160             4          4
161             4          4
162             4          4
163             4          4
164             4          4
165             4          4
166             4          4
167             4          4
168             4          4
169             4          4
170             4          4
171             1          2
172             1          2
173             1          2
174             1          1
175             1          4
176             1          1
177             1          1
178             1          1
179             1          1
180             1          1
181             1          1
182             1          3
183             1          1
184             1          1
185             1          1
186             1          1
187             1          2
188             1          1
189             1          1
190             1          1
191             1          1
192             2          2
193             2          2
194             2          2
195             2          2
196             2          2
197             2          2
198             2          1
199             2          1
200             2          3
201             2          4
202             2          2
203             2          2
204             2          1
205             2          4
206             2          2
207             2          1
208             2          2
209             2          2
210             2          2
211             2          4
212             2          2
213             2          2
214             3          3
215             3          4
216             3          3
217             3          3
218             3          3
219             3          3
220             3          3
221             3          3
222             3          3
223             3          3
224             3          3
225             3          3
226             3          3
227             3          3
228             3          3
229             3          3
230             3          3
231             3          3
232             3          3
233             3          3
234             3          3
235             3          3
236             4          4
237             4          4
238             4          4
239             4          4
240             4          4
241             4          4
242             4          4
243             4          4
244             4          4
245             4          4
246             4          4
247             4          4
248             4          4
249             4          4
250             4          4
251             4          4
252             4          4
253             4          4
254             4          4
255             4          4
256             1          1
257             1          2
258             1          2
259             1          1
260             1          2
261             1          1
262             1          1
263             1          2
264             1          1
265             1          1
266             1          3
267             1          1
268             1          2
269             1          2
270             1          2
271             1          2
272             1          3
273             1          2
274             1          1
275             1          1
276             1          2
277             1          4
278             1          1
279             2          1
280             2          2
281             2          3
282             2          2
283             2          4
284             2          2
285             2          2
286             2          2
287             2          3
288             2          1
289             2          1
290             2          2
291             2          1
292             2          4
293             2          2
294             2          1
295             2          2
296             2          2
297             2          2
298             3          3
299             3          3
300             3          3
301             3          3
302             3          3
303             3          3
304             3          3
305             3          3
306             3          3
307             3          3
308             3          3
309             3          3
310             3          3
311             3          3
312             3          3
313             3          3
314             3          3
315             3          3
316             3          3
317             3          3
318             4          4
319             4          4
320             4          4
321             4          3
322             4          4
323             4          4
324             4          4
325             4          4
326             4          4
327             4          4
328             4          4
329             4          4
330             4          4
331             4          4
332             4          4
333             4          4
334             4          4
335             4          4
336             4          4
Test pred      1   2   3   4
Actual class                
1             48  30   4   4
2             23  44  10   8
3              0   0  85   1
4              0   0   2  77
0.7559523809523809
