ID  Actual class  Resub pred  Pred Prob
  1.0           2.0         2.0   0.968038
  2.0           2.0         2.0   0.889140
  3.0           2.0         2.0   0.957327
  4.0           2.0         2.0   0.804815
  5.0           2.0         2.0   0.785658
  6.0           2.0         2.0   0.746511
  7.0           2.0         2.0   0.799528
  8.0           2.0         2.0   0.917842
  9.0           2.0         2.0   0.901733
 10.0           2.0         2.0   0.729017
 11.0           2.0         2.0   0.895320
 12.0           2.0         2.0   0.959835
 13.0           2.0         2.0   0.920145
 14.0           2.0         2.0   0.682944
 15.0           2.0         2.0   0.867859
 16.0           2.0         2.0   0.789410
 17.0           2.0         2.0   0.915553
 18.0           2.0         1.0   0.080492
 19.0           2.0         2.0   0.953544
 20.0           2.0         2.0   0.798270
 21.0           2.0         2.0   0.954864
 22.0           2.0         2.0   0.959827
 23.0           2.0         1.0   0.387309
 24.0           2.0         2.0   0.992916
 25.0           2.0         2.0   0.921015
 26.0           2.0         2.0   0.892879
 27.0           2.0         2.0   0.745949
 28.0           2.0         2.0   0.853548
 29.0           2.0         2.0   0.624197
 30.0           2.0         2.0   0.669860
 31.0           2.0         2.0   0.924772
 32.0           2.0         2.0   0.830616
 33.0           2.0         2.0   0.950300
 34.0           2.0         1.0   0.422706
 35.0           2.0         2.0   0.821226
 36.0           2.0         2.0   0.744209
 37.0           1.0         1.0   0.177739
 38.0           1.0         2.0   0.700347
 39.0           1.0         2.0   0.743736
 40.0           1.0         1.0   0.215616
 41.0           1.0         1.0   0.313432
 42.0           1.0         2.0   0.691972
 43.0           1.0         1.0   0.464659
 44.0           1.0         2.0   0.677704
 45.0           1.0         2.0   0.760605
 46.0           1.0         1.0   0.213091
 47.0           1.0         2.0   0.732776
 48.0           1.0         2.0   0.619208
 49.0           1.0         1.0   0.376068
 50.0           1.0         1.0   0.291081
 51.0           1.0         2.0   0.508486
 52.0           1.0         2.0   0.926406
 53.0           1.0         2.0   0.844653
 54.0           1.0         1.0   0.241098
 55.0           2.0         2.0   0.992787
 56.0           2.0         2.0   0.710004
 57.0           2.0         2.0   0.949765
 58.0           2.0         2.0   0.788440
 59.0           2.0         2.0   0.759697
 60.0           2.0         2.0   0.729152
 61.0           2.0         2.0   0.690746
 62.0           2.0         2.0   0.956501
 63.0           2.0         2.0   0.888067
 64.0           2.0         2.0   0.901945
 65.0           2.0         1.0   0.352552
 66.0           2.0         2.0   0.981070
 67.0           2.0         2.0   0.879011
 68.0           2.0         2.0   0.927406
 69.0           2.0         2.0   0.626324
 70.0           2.0         2.0   0.926761
 71.0           2.0         2.0   0.954796
 72.0           2.0         2.0   0.949002
 73.0           2.0         2.0   0.953573
 74.0           2.0         2.0   0.979364
 75.0           2.0         2.0   0.948658
 76.0           2.0         2.0   0.792834
 77.0           2.0         1.0   0.264602
 78.0           2.0         2.0   0.980149
 79.0           2.0         1.0   0.401561
 80.0           2.0         2.0   0.823249
 81.0           2.0         2.0   0.914755
 82.0           2.0         2.0   0.907491
 83.0           2.0         2.0   0.984648
 84.0           2.0         2.0   0.604756
 85.0           2.0         2.0   0.910886
 86.0           2.0         2.0   0.940967
 87.0           2.0         1.0   0.321760
 88.0           2.0         2.0   0.779678
 89.0           2.0         1.0   0.443377
 90.0           2.0         2.0   0.921339
 91.0           1.0         1.0   0.083275
 92.0           1.0         2.0   0.767701
 93.0           1.0         1.0   0.124026
 94.0           1.0         2.0   0.858275
 95.0           1.0         2.0   0.788878
 96.0           1.0         1.0   0.035961
 97.0           1.0         1.0   0.285508
 98.0           1.0         1.0   0.469785
 99.0           1.0         2.0   0.579586
100.0           1.0         1.0   0.003025
101.0           1.0         1.0   0.157765
102.0           1.0         1.0   0.191703
103.0           1.0         1.0   0.112343
104.0           1.0         1.0   0.052030
105.0           1.0         2.0   0.882944
106.0           1.0         2.0   0.713690
107.0           1.0         1.0   0.242914
108.0           1.0         1.0   0.038657
109.0           2.0         2.0   0.976034
110.0           2.0         2.0   0.909473
111.0           2.0         2.0   0.951277
112.0           2.0         2.0   0.856022
113.0           2.0         2.0   0.811888
114.0           2.0         2.0   0.881974
115.0           2.0         2.0   0.951874
116.0           2.0         2.0   0.846964
117.0           2.0         2.0   0.969297
118.0           2.0         2.0   0.977465
119.0           2.0         2.0   0.958394
120.0           2.0         2.0   0.675899
121.0           2.0         2.0   0.960970
122.0           2.0         2.0   0.928439
123.0           2.0         1.0   0.497373
124.0           2.0         2.0   0.963196
125.0           2.0         2.0   0.990659
126.0           2.0         1.0   0.398827
127.0           2.0         2.0   0.963691
128.0           2.0         1.0   0.384743
129.0           2.0         2.0   0.976279
130.0           2.0         2.0   0.887265
131.0           2.0         2.0   0.926124
132.0           2.0         2.0   0.909070
133.0           2.0         2.0   0.809355
134.0           2.0         2.0   0.972185
135.0           2.0         1.0   0.353701
136.0           2.0         2.0   0.981151
137.0           2.0         2.0   0.854272
138.0           2.0         2.0   0.962194
139.0           2.0         2.0   0.955663
140.0           2.0         2.0   0.769950
141.0           2.0         2.0   0.823711
142.0           2.0         2.0   0.879677
143.0           2.0         2.0   0.570647
144.0           2.0         2.0   0.936307
145.0           1.0         2.0   0.644477
146.0           1.0         1.0   0.251549
147.0           1.0         1.0   0.339107
148.0           1.0         2.0   0.866365
149.0           1.0         1.0   0.418103
150.0           1.0         1.0   0.390301
151.0           1.0         1.0   0.182259
152.0           1.0         2.0   0.563363
153.0           1.0         1.0   0.018823
154.0           1.0         2.0   0.768105
155.0           1.0         2.0   0.880194
156.0           1.0         2.0   0.748175
157.0           1.0         2.0   0.856193
158.0           1.0         1.0   0.301678
159.0           1.0         1.0   0.037173
160.0           1.0         2.0   0.697366
161.0           1.0         1.0   0.140833
162.0           1.0         1.0   0.396040
163.0           2.0         2.0   0.856228
164.0           2.0         2.0   0.894808
165.0           2.0         2.0   0.948204
166.0           2.0         2.0   0.695045
167.0           2.0         2.0   0.976853
168.0           2.0         2.0   0.900007
169.0           2.0         2.0   0.759938
170.0           2.0         2.0   0.888035
171.0           2.0         2.0   0.991352
172.0           2.0         2.0   0.961555
173.0           2.0         2.0   0.925332
174.0           2.0         2.0   0.876334
175.0           2.0         2.0   0.885806
176.0           2.0         2.0   0.835092
177.0           2.0         2.0   0.908990
178.0           2.0         2.0   0.850448
179.0           2.0         2.0   0.882486
180.0           2.0         2.0   0.645377
181.0           2.0         1.0   0.004707
182.0           2.0         2.0   0.895957
183.0           2.0         2.0   0.654141
184.0           2.0         2.0   0.944443
185.0           2.0         2.0   0.729385
186.0           2.0         2.0   0.867177
187.0           2.0         2.0   0.975545
188.0           2.0         2.0   0.983801
189.0           2.0         2.0   0.973060
190.0           2.0         2.0   0.659605
191.0           2.0         2.0   0.864778
192.0           2.0         2.0   0.872022
193.0           2.0         2.0   0.965326
194.0           2.0         2.0   0.885170
195.0           2.0         2.0   0.896161
196.0           2.0         2.0   0.987554
197.0           2.0         2.0   0.902560
198.0           2.0         2.0   0.782609
199.0           1.0         1.0   0.274507
200.0           1.0         2.0   0.802640
201.0           1.0         1.0   0.092377
202.0           1.0         2.0   0.754011
203.0           1.0         1.0   0.336524
204.0           1.0         1.0   0.166066
205.0           1.0         2.0   0.615365
206.0           1.0         1.0   0.077231
207.0           1.0         2.0   0.507000
208.0           1.0         2.0   0.876292
209.0           1.0         2.0   0.737734
210.0           1.0         1.0   0.031165
211.0           1.0         1.0   0.049860
212.0           1.0         1.0   0.064231
213.0           1.0         1.0   0.171336
214.0           1.0         1.0   0.412762
215.0           1.0         2.0   0.512876
216.0           1.0         1.0   0.056547
217.0           2.0         2.0   0.986419
218.0           2.0         2.0   0.530882
219.0           2.0         2.0   0.978032
220.0           2.0         2.0   0.979956
221.0           2.0         2.0   0.968650
222.0           2.0         2.0   0.747405
223.0           2.0         2.0   0.965599
224.0           2.0         2.0   0.882359
225.0           2.0         2.0   0.620441
226.0           2.0         2.0   0.974184
227.0           2.0         2.0   0.980425
228.0           2.0         1.0   0.258436
229.0           2.0         2.0   0.950874
230.0           2.0         2.0   0.905622
231.0           2.0         2.0   0.874359
232.0           2.0         2.0   0.938827
233.0           2.0         2.0   0.943744
234.0           2.0         2.0   0.923589
235.0           2.0         2.0   0.975519
236.0           2.0         2.0   0.886318
237.0           2.0         2.0   0.985789
238.0           2.0         2.0   0.594703
239.0           2.0         2.0   0.878929
240.0           2.0         2.0   0.784382
241.0           2.0         2.0   0.964422
242.0           2.0         2.0   0.557100
243.0           2.0         2.0   0.552138
244.0           2.0         2.0   0.960631
245.0           2.0         2.0   0.951431
246.0           2.0         2.0   0.678759
247.0           2.0         2.0   0.727104
248.0           2.0         2.0   0.994214
249.0           2.0         2.0   0.910998
250.0           2.0         2.0   0.979613
251.0           2.0         2.0   0.937517
252.0           2.0         2.0   0.500503

Confusion Matrix (Resubstitution)
Resub Class   1.0  2.0
Actual Class          
1.0            41   31
2.0            14  166

Model Summary (Resubstitution)
Overall accuracy = 0.821
Sensitivity = 0.922
Specificity = 0.569

ID  Actual class  Test pred  Pred Prob
  1.0           1.0        2.0   0.638693
  2.0           1.0        1.0   0.082464
  3.0           1.0        1.0   0.071534
  4.0           1.0        1.0   0.237849
  5.0           1.0        2.0   0.506794
  6.0           1.0        2.0   0.967502
  7.0           1.0        2.0   0.822743
  8.0           1.0        2.0   0.669031
  9.0           1.0        1.0   0.031254
 10.0           1.0        2.0   0.890594
 11.0           1.0        1.0   0.158529
 12.0           1.0        2.0   0.618532
 13.0           1.0        1.0   0.455035
 14.0           1.0        1.0   0.141648
 15.0           1.0        2.0   0.636793
 16.0           1.0        2.0   0.862714
 17.0           1.0        2.0   0.727543
 18.0           1.0        2.0   0.939875
 19.0           2.0        1.0   0.348999
 20.0           2.0        2.0   0.949547
 21.0           2.0        2.0   0.979652
 22.0           2.0        1.0   0.471804
 23.0           2.0        2.0   0.530534
 24.0           2.0        2.0   0.954204
 25.0           2.0        2.0   0.948740
 26.0           2.0        2.0   0.938734
 27.0           2.0        2.0   0.812538
 28.0           2.0        2.0   0.631762
 29.0           2.0        2.0   0.907264
 30.0           2.0        2.0   0.838605
 31.0           2.0        2.0   0.843921
 32.0           2.0        1.0   0.285199
 33.0           2.0        2.0   0.978235
 34.0           2.0        2.0   0.932804
 35.0           2.0        2.0   0.612502
 36.0           2.0        2.0   0.826292
 37.0           2.0        2.0   0.968694
 38.0           2.0        2.0   0.790039
 39.0           2.0        2.0   0.949347
 40.0           2.0        2.0   0.952095
 41.0           2.0        1.0   0.303900
 42.0           2.0        2.0   0.979872
 43.0           2.0        1.0   0.281517
 44.0           2.0        2.0   0.966628
 45.0           2.0        2.0   0.955034
 46.0           2.0        2.0   0.750218
 47.0           2.0        2.0   0.723287
 48.0           2.0        2.0   0.534931
 49.0           2.0        2.0   0.547352
 50.0           2.0        2.0   0.713200
 51.0           2.0        2.0   0.942610
 52.0           2.0        2.0   0.864003
 53.0           2.0        2.0   0.957780
 54.0           2.0        2.0   0.988802
 55.0           1.0        1.0   0.418514
 56.0           1.0        2.0   0.744256
 57.0           1.0        2.0   0.623750
 58.0           1.0        2.0   0.726627
 59.0           1.0        2.0   0.594357
 60.0           1.0        2.0   0.778804
 61.0           1.0        1.0   0.187044
 62.0           1.0        1.0   0.181867
 63.0           1.0        1.0   0.053386
 64.0           1.0        1.0   0.392503
 65.0           1.0        1.0   0.170921
 66.0           1.0        1.0   0.406001
 67.0           1.0        2.0   0.625059
 68.0           1.0        2.0   0.660248
 69.0           1.0        2.0   0.860335
 70.0           1.0        1.0   0.053495
 71.0           1.0        2.0   0.552978
 72.0           1.0        1.0   0.300104
 73.0           2.0        2.0   0.984774
 74.0           2.0        2.0   0.952703
 75.0           2.0        2.0   0.950947
 76.0           2.0        2.0   0.700042
 77.0           2.0        2.0   0.926016
 78.0           2.0        2.0   0.811701
 79.0           2.0        2.0   0.754549
 80.0           2.0        2.0   0.922977
 81.0           2.0        2.0   0.813186
 82.0           2.0        2.0   0.910753
 83.0           2.0        2.0   0.970212
 84.0           2.0        2.0   0.992923
 85.0           2.0        2.0   0.539994
 86.0           2.0        1.0   0.025580
 87.0           2.0        1.0   0.179258
 88.0           2.0        2.0   0.764202
 89.0           2.0        2.0   0.922751
 90.0           2.0        2.0   0.981624
 91.0           2.0        2.0   0.903095
 92.0           2.0        2.0   0.796056
 93.0           2.0        2.0   0.609535
 94.0           2.0        2.0   0.956762
 95.0           2.0        2.0   0.979671
 96.0           2.0        2.0   0.970878
 97.0           2.0        1.0   0.339828
 98.0           2.0        2.0   0.793407
 99.0           2.0        2.0   0.956889
100.0           2.0        2.0   0.947239
101.0           2.0        2.0   0.914275
102.0           2.0        2.0   0.825698
103.0           2.0        2.0   0.966119
104.0           2.0        2.0   0.952588
105.0           2.0        1.0   0.478314
106.0           2.0        2.0   0.976456
107.0           2.0        2.0   0.980048
108.0           2.0        2.0   0.911862
109.0           1.0        1.0   0.054904
110.0           1.0        1.0   0.368367
111.0           1.0        1.0   0.232205
112.0           1.0        1.0   0.296094
113.0           1.0        2.0   0.968975
114.0           1.0        1.0   0.145606
115.0           1.0        2.0   0.689147
116.0           1.0        2.0   0.570765
117.0           1.0        1.0   0.397901
118.0           1.0        1.0   0.291039
119.0           1.0        1.0   0.010968
120.0           1.0        2.0   0.623014
121.0           1.0        1.0   0.124322
122.0           1.0        1.0   0.200270
123.0           1.0        1.0   0.109997
124.0           1.0        2.0   0.593280
125.0           1.0        1.0   0.203006
126.0           1.0        1.0   0.286307
127.0           2.0        2.0   0.785071
128.0           2.0        2.0   0.906090
129.0           2.0        2.0   0.503930
130.0           2.0        2.0   0.946691
131.0           2.0        2.0   0.897386
132.0           2.0        2.0   0.982740
133.0           2.0        2.0   0.934460
134.0           2.0        2.0   0.614178
135.0           2.0        2.0   0.974844
136.0           2.0        2.0   0.882399
137.0           2.0        2.0   0.908285
138.0           2.0        2.0   0.744388
139.0           2.0        2.0   0.938094
140.0           2.0        2.0   0.606312
141.0           2.0        1.0   0.454140
142.0           2.0        2.0   0.866825
143.0           2.0        2.0   0.839578
144.0           2.0        2.0   0.958706
145.0           2.0        2.0   0.878620
146.0           2.0        2.0   0.882809
147.0           2.0        2.0   0.967232
148.0           2.0        2.0   0.973515
149.0           2.0        2.0   0.986019
150.0           2.0        2.0   0.902245
151.0           2.0        2.0   0.915153
152.0           2.0        2.0   0.982064
153.0           2.0        2.0   0.796635
154.0           2.0        2.0   0.979390
155.0           2.0        2.0   0.940991
156.0           2.0        2.0   0.981926
157.0           2.0        1.0   0.200275
158.0           2.0        2.0   0.929499
159.0           2.0        2.0   0.937592
160.0           2.0        2.0   0.664865
161.0           2.0        2.0   0.890133
162.0           2.0        2.0   0.943898
163.0           1.0        1.0   0.392044
164.0           1.0        1.0   0.496307
165.0           1.0        2.0   0.524223
166.0           1.0        2.0   0.921805
167.0           1.0        1.0   0.461477
168.0           1.0        1.0   0.031575
169.0           1.0        2.0   0.743981
170.0           1.0        2.0   0.913416
171.0           1.0        2.0   0.956265
172.0           1.0        1.0   0.164740
173.0           1.0        2.0   0.926493
174.0           1.0        2.0   0.508756
175.0           1.0        1.0   0.361503
176.0           1.0        1.0   0.099192
177.0           1.0        2.0   0.904442
178.0           1.0        2.0   0.878302
179.0           1.0        2.0   0.538521
180.0           1.0        2.0   0.708584
181.0           2.0        2.0   0.984771
182.0           2.0        2.0   0.969983
183.0           2.0        2.0   0.751602
184.0           2.0        2.0   0.947760
185.0           2.0        2.0   0.962073
186.0           2.0        2.0   0.787688
187.0           2.0        2.0   0.960973
188.0           2.0        2.0   0.915629
189.0           2.0        2.0   0.975168
190.0           2.0        2.0   0.814908
191.0           2.0        2.0   0.929972
192.0           2.0        2.0   0.913344
193.0           2.0        2.0   0.849423
194.0           2.0        2.0   0.962402
195.0           2.0        2.0   0.894559
196.0           2.0        1.0   0.200194
197.0           2.0        2.0   0.833880
198.0           2.0        2.0   0.858572
199.0           2.0        1.0   0.408694
200.0           2.0        2.0   0.771886
201.0           2.0        2.0   0.991222
202.0           2.0        2.0   0.988253
203.0           2.0        1.0   0.240612
204.0           2.0        2.0   0.606104
205.0           2.0        2.0   0.925171
206.0           2.0        2.0   0.917722
207.0           2.0        2.0   0.924364
208.0           2.0        1.0   0.380122
209.0           2.0        2.0   0.915649
210.0           2.0        2.0   0.959802
211.0           2.0        1.0   0.446132
212.0           1.0        2.0   0.780025
213.0           1.0        2.0   0.906012
214.0           1.0        1.0   0.259131
215.0           1.0        1.0   0.202149
216.0           1.0        1.0   0.441207
217.0           1.0        2.0   0.874359
218.0           1.0        1.0   0.117561
219.0           1.0        2.0   0.698123
220.0           1.0        2.0   0.839664
221.0           1.0        2.0   0.585196
222.0           1.0        2.0   0.667735
223.0           1.0        1.0   0.270308
224.0           1.0        1.0   0.271069
225.0           1.0        2.0   0.764620
226.0           1.0        1.0   0.403465

Confusion Matrix (Test)
Prediction Class  1.0  2.0
Actual Class              
1.0                43   44
2.0                16  123

Model Summary (Test)
Overall accuracy = 0.735
Sensitivity = 0.885
Specificity = 0.494
