ID  Actual class  Resub pred
  1             2           2
  2             2           2
  3             2           2
  4             2           2
  5             2           2
  6             2           2
  7             2           2
  8             2           2
  9             2           2
 10             2           2
 11             2           2
 12             2           2
 13             2           2
 14             2           2
 15             2           2
 16             2           2
 17             2           2
 18             2           1
 19             2           2
 20             2           2
 21             2           2
 22             2           2
 23             2           1
 24             2           2
 25             2           2
 26             2           2
 27             2           2
 28             2           2
 29             2           2
 30             2           2
 31             2           2
 32             2           2
 33             2           2
 34             2           1
 35             2           2
 36             2           2
 37             1           1
 38             1           2
 39             1           2
 40             1           1
 41             1           1
 42             1           2
 43             1           2
 44             1           2
 45             1           2
 46             1           1
 47             1           2
 48             1           2
 49             1           1
 50             1           1
 51             1           2
 52             1           2
 53             1           2
 54             1           1
 55             2           2
 56             2           2
 57             2           2
 58             2           2
 59             2           2
 60             2           2
 61             2           2
 62             2           2
 63             2           2
 64             2           2
 65             2           1
 66             2           2
 67             2           2
 68             2           2
 69             2           2
 70             2           2
 71             2           2
 72             2           2
 73             2           2
 74             2           2
 75             2           2
 76             2           2
 77             2           1
 78             2           2
 79             2           2
 80             2           2
 81             2           2
 82             2           2
 83             2           2
 84             2           1
 85             2           2
 86             2           2
 87             2           2
 88             2           2
 89             2           1
 90             2           2
 91             1           1
 92             1           2
 93             1           1
 94             1           2
 95             1           2
 96             1           1
 97             1           1
 98             1           1
 99             1           2
100             1           1
101             1           1
102             1           1
103             1           1
104             1           2
105             1           2
106             1           1
107             1           1
108             1           1
109             2           2
110             2           2
111             2           2
112             2           2
113             2           2
114             2           2
115             2           2
116             2           2
117             2           2
118             2           2
119             2           2
120             2           2
121             2           2
122             2           2
123             2           2
124             2           2
125             2           2
126             2           1
127             2           2
128             2           2
129             2           2
130             2           2
131             2           2
132             2           2
133             2           2
134             2           2
135             2           1
136             2           2
137             2           2
138             2           2
139             2           2
140             2           2
141             2           2
142             2           2
143             2           1
144             2           2
145             1           2
146             1           1
147             1           1
148             1           2
149             1           2
150             1           2
151             1           1
152             1           2
153             1           1
154             1           2
155             1           2
156             1           1
157             1           2
158             1           1
159             1           1
160             1           2
161             1           1
162             1           2
163             2           2
164             2           2
165             2           2
166             2           2
167             2           2
168             2           2
169             2           2
170             2           2
171             2           2
172             2           2
173             2           2
174             2           2
175             2           2
176             2           2
177             2           2
178             2           2
179             2           2
180             2           2
181             2           1
182             2           2
183             2           1
184             2           2
185             2           1
186             2           2
187             2           2
188             2           2
189             2           2
190             2           2
191             2           2
192             2           2
193             2           2
194             2           2
195             2           2
196             2           2
197             2           2
198             2           2
199             1           1
200             1           2
201             1           1
202             1           1
203             1           2
204             1           2
205             1           2
206             1           1
207             1           2
208             1           2
209             1           2
210             1           1
211             1           1
212             1           1
213             1           1
214             1           1
215             1           1
216             1           1
217             2           2
218             2           1
219             2           2
220             2           2
221             2           2
222             2           2
223             2           2
224             2           2
225             2           2
226             2           2
227             2           2
228             2           2
229             2           2
230             2           2
231             2           2
232             2           2
233             2           2
234             2           2
235             2           2
236             2           2
237             2           2
238             2           1
239             2           2
240             2           2
241             2           2
242             2           2
243             2           2
244             2           2
245             2           2
246             2           1
247             2           2
248             2           2
249             2           2
250             2           2
251             2           2
252             2           2

Confusion Matrix (Resubstitution)
Resub Class    1    2
Actual Class         
1             38   34
2             16  164

Model Summary (Resubstitution)
Overall accuracy = 0.802
Sensitivity = 0.911
Specificity = 0.528

ID  Actual class  Test pred
  1             1          2
  2             1          1
  3             1          1
  4             1          1
  5             1          1
  6             1          2
  7             1          2
  8             1          2
  9             1          1
 10             1          2
 11             1          1
 12             1          2
 13             1          2
 14             1          2
 15             1          1
 16             1          2
 17             1          1
 18             1          2
 19             2          1
 20             2          2
 21             2          2
 22             2          2
 23             2          2
 24             2          2
 25             2          2
 26             2          2
 27             2          2
 28             2          2
 29             2          2
 30             2          2
 31             2          2
 32             2          1
 33             2          2
 34             2          2
 35             2          2
 36             2          2
 37             2          2
 38             2          2
 39             2          2
 40             2          2
 41             2          2
 42             2          2
 43             2          1
 44             2          2
 45             2          2
 46             2          2
 47             2          2
 48             2          2
 49             2          2
 50             2          2
 51             2          2
 52             2          1
 53             2          2
 54             2          2
 55             1          1
 56             1          2
 57             1          2
 58             1          2
 59             1          1
 60             1          2
 61             1          2
 62             1          1
 63             1          1
 64             1          1
 65             1          2
 66             1          2
 67             1          1
 68             1          2
 69             1          2
 70             1          1
 71             1          2
 72             1          1
 73             2          2
 74             2          2
 75             2          2
 76             2          2
 77             2          2
 78             2          2
 79             2          2
 80             2          2
 81             2          2
 82             2          2
 83             2          2
 84             2          2
 85             2          2
 86             2          1
 87             2          1
 88             2          2
 89             2          2
 90             2          2
 91             2          2
 92             2          2
 93             2          2
 94             2          2
 95             2          2
 96             2          2
 97             2          2
 98             2          2
 99             2          2
100             2          2
101             2          2
102             2          2
103             2          2
104             2          2
105             2          2
106             2          2
107             2          2
108             2          2
109             1          1
110             1          1
111             1          1
112             1          1
113             1          2
114             1          1
115             1          2
116             1          2
117             1          1
118             1          1
119             1          1
120             1          2
121             1          1
122             1          2
123             1          2
124             1          2
125             1          2
126             1          2
127             2          2
128             2          2
129             2          2
130             2          2
131             2          2
132             2          2
133             2          2
134             2          1
135             2          2
136             2          2
137             2          2
138             2          2
139             2          2
140             2          2
141             2          2
142             2          2
143             2          2
144             2          2
145             2          2
146             2          2
147             2          2
148             2          2
149             2          2
150             2          2
151             2          2
152             2          2
153             2          2
154             2          2
155             2          2
156             2          2
157             2          1
158             2          2
159             2          2
160             2          1
161             2          2
162             2          2
163             1          1
164             1          2
165             1          1
166             1          2
167             1          2
168             1          1
169             1          2
170             1          2
171             1          2
172             1          1
173             1          2
174             1          1
175             1          1
176             1          1
177             1          2
178             1          2
179             1          2
180             1          2
181             2          2
182             2          2
183             2          2
184             2          2
185             2          2
186             2          2
187             2          2
188             2          2
189             2          2
190             2          2
191             2          2
192             2          2
193             2          2
194             2          2
195             2          2
196             2          1
197             2          2
198             2          2
199             2          2
200             2          2
201             2          2
202             2          2
203             2          1
204             2          2
205             2          2
206             2          2
207             2          2
208             2          2
209             2          2
210             2          2
211             2          2
212             1          2
213             1          2
214             1          2
215             1          1
216             1          2
217             1          2
218             1          1
219             1          2
220             1          2
221             1          1
222             1          2
223             1          2
224             1          1
225             1          2
226             1          1

Confusion Matrix (Test)
Test Class     1    2
Actual Class         
1             37   50
2             11  128

Model Summary (Test)
Overall accuracy = 0.730
Sensitivity = 0.921
Specificity = 0.425
