(1) Tree with depth 2
ID  Actual class  tree-depth2 pred
  1.0           5.0               9.0
  2.0           9.0               0.0
  3.0          14.0               4.0
  4.0           7.0               6.0
  5.0           0.0               9.0
  6.0           0.0               0.0
  7.0           3.0               0.0
  8.0           7.0               9.0
  9.0           1.0               0.0
 10.0           1.0               9.0
 11.0           5.0               1.0
 12.0           4.0               9.0
 13.0           4.0               9.0
 14.0          11.0               9.0
 15.0           0.0               0.0
 16.0           2.0               1.0
 17.0           1.0               4.0
 18.0           0.0               4.0
 19.0           0.0               0.0
 20.0           1.0               0.0
 21.0           1.0               1.0
 22.0          11.0               0.0
 23.0          10.0               9.0
 24.0           2.0               1.0
 25.0           0.0               1.0
 26.0           2.0               1.0
 27.0           5.0               9.0
 28.0           2.0               0.0
 29.0           1.0               1.0
 30.0           2.0               0.0
 31.0           0.0               1.0
 32.0           6.0               1.0
 33.0           1.0               4.0
 34.0           4.0               1.0
 35.0           2.0               0.0
 36.0           2.0               1.0
 37.0           1.0               1.0
 38.0           7.0               0.0
 39.0           3.0               1.0
 40.0           5.0               9.0
 41.0           7.0               6.0
 42.0           0.0               1.0
 43.0           6.0               9.0
 44.0           0.0               1.0
 45.0           3.0               1.0
 46.0           5.0               9.0
 47.0           1.0               0.0
 48.0           7.0               9.0
 49.0           9.0               4.0
 50.0           4.0               9.0
 51.0           8.0               6.0
 52.0           1.0               1.0
 53.0           2.0               9.0
 54.0           1.0               1.0
 55.0           0.0               9.0
 56.0           1.0               0.0
 57.0           1.0               1.0
 58.0           0.0               0.0
 59.0           3.0               4.0
 60.0           6.0               9.0
 61.0          15.0               6.0
 62.0           8.0               9.0
 63.0           2.0               9.0
 64.0           0.0               0.0
 65.0           9.0               9.0
 66.0           6.0               0.0
 67.0           3.0               1.0
 68.0           6.0               9.0
 69.0           1.0               4.0
 70.0           9.0               9.0
 71.0           1.0               9.0
 72.0           3.0               4.0
 73.0           2.0               1.0
 74.0           2.0               1.0
 75.0           3.0               1.0
 76.0           7.0               9.0
 77.0           1.0               0.0
 78.0           1.0               0.0
 79.0           5.0               9.0
 80.0           1.0               0.0
 81.0           1.0               0.0
 82.0           2.0               1.0
 83.0           1.0               1.0
 84.0           2.0               1.0
 85.0           1.0               0.0
 86.0          13.0               9.0
 87.0           6.0               0.0
 88.0           5.0               1.0
 89.0           4.0               1.0
 90.0           2.0               1.0
 91.0           5.0               1.0
 92.0           8.0               9.0
 93.0           3.0               0.0
 94.0           1.0               1.0
 95.0           2.0               1.0
 96.0           3.0               1.0
 97.0           8.0               9.0
 98.0           4.0               4.0
 99.0           4.0               1.0
100.0           1.0               1.0
101.0           0.0               1.0
102.0           3.0               1.0
103.0           4.0               1.0
104.0           1.0               4.0
105.0           1.0               9.0
106.0           3.0               1.0
107.0           3.0               9.0
108.0           4.0               4.0
109.0          12.0               4.0
110.0           3.0               1.0
111.0           0.0               0.0
112.0          10.0               6.0
113.0           3.0               1.0
114.0           7.0               9.0
115.0           1.0               0.0
116.0          12.0               6.0
117.0           0.0               0.0
118.0           3.0               0.0
119.0          17.0               8.0
120.0           1.0               0.0
121.0           1.0               0.0
122.0          11.0               9.0
123.0          12.0               9.0
124.0          10.0               6.0
125.0          10.0               9.0
126.0           4.0               6.0
127.0           6.0               9.0
128.0           1.0               1.0
129.0           7.0               9.0
130.0           0.0               0.0
131.0           1.0               0.0
132.0           3.0               1.0
133.0           5.0               4.0
134.0           0.0               0.0
135.0           1.0               1.0
136.0           2.0               0.0
137.0           8.0               9.0
138.0           6.0               0.0
139.0           0.0               0.0
140.0           1.0               0.0
141.0          10.0               9.0
142.0           2.0               1.0
143.0           2.0               0.0
144.0           9.0               9.0
145.0           0.0               1.0
146.0           1.0               1.0
147.0           1.0               1.0
148.0           0.0               0.0
149.0           0.0               1.0
150.0           1.0               1.0
151.0           0.0               1.0
152.0           1.0               1.0
153.0           6.0               6.0
154.0           3.0               1.0
155.0           2.0               1.0
156.0           1.0               1.0
157.0           6.0               9.0
158.0           2.0               0.0
159.0           1.0               4.0
160.0           0.0               0.0
161.0           1.0               0.0
162.0           4.0               1.0
163.0           3.0               4.0
164.0           1.0               0.0
165.0           3.0               1.0
166.0           3.0               1.0
167.0          11.0               9.0
168.0           5.0               9.0
169.0           5.0               0.0
170.0           0.0               4.0
171.0           1.0               9.0
172.0           0.0               0.0
173.0           0.0               1.0
174.0           3.0               4.0
175.0           0.0               0.0
176.0           7.0               9.0
177.0           2.0               0.0
178.0           1.0               1.0
179.0           6.0               0.0
180.0           2.0               1.0
181.0           2.0               1.0
182.0           2.0               1.0
183.0           4.0               0.0
184.0           2.0               1.0
185.0           2.0               1.0
186.0           5.0               9.0
187.0           0.0               1.0
188.0           2.0               1.0
189.0           2.0               1.0
190.0           5.0               4.0
191.0           2.0               1.0
192.0           6.0               6.0
193.0           0.0               1.0
194.0           1.0               1.0
195.0           1.0               1.0
196.0           7.0               6.0
197.0           3.0               1.0
198.0           7.0               9.0
199.0           2.0               0.0
200.0           7.0               9.0
201.0           2.0               1.0
202.0           1.0               1.0
203.0           4.0               9.0
204.0          12.0               9.0
205.0           2.0               0.0
206.0           7.0               9.0
207.0           3.0               1.0
208.0           9.0               9.0
209.0           0.0               0.0
210.0           5.0               1.0
211.0           2.0               1.0
212.0          10.0               6.0
213.0           2.0               0.0
214.0          10.0               4.0
215.0           1.0               0.0
216.0          14.0               9.0
217.0           4.0               1.0
218.0           3.0               9.0
219.0           8.0               4.0
220.0           2.0               0.0
221.0           2.0               0.0
222.0           8.0               9.0
223.0          11.0               9.0
224.0           1.0               9.0
225.0           1.0               4.0
226.0           1.0               4.0

Confusion Matrix (tree-depth2)
col_0        4.0
col_1        6.0
col_2        9.0
Actual Class    
14             1
1              1

Model Summary (tree-depth2)
Overall accuracy = 0.500

(2) Tree with depth 4
ID  Actual class  tree-depth4 pred
  1             5                 8
  2             9                 8
  3            14                 8
  4             7                 8
  5             0                 8
  6             0                 1
  7             3                 4
  8             7                 8
  9             1                 1
 10             1                 8
 11             5                 4
 12             4                 8
 13             4                 8
 14            11                 8
 15             0                 1
 16             2                 4
 17             1                 4
 18             0                 8
 19             0                 1
 20             1                 1
 21             1                 1
 22            11                 8
 23            10                 8
 24             2                 1
 25             0                 1
 26             2                 1
 27             5                 8
 28             2                 1
 29             1                 1
 30             2                 4
 31             0                 1
 32             6                 4
 33             1                 4
 34             4                 1
 35             2                 4
 36             2                 1
 37             1                 1
 38             7                 8
 39             3                 1
 40             5                 8
 41             7                 8
 42             0                 1
 43             6                 8
 44             0                 1
 45             3                 1
 46             5                 8
 47             1                 1
 48             7                 8
 49             9                 4
 50             4                 8
 51             8                 8
 52             1                 1
 53             2                 8
 54             1                 1
 55             0                 8
 56             1                 1
 57             1                 4
 58             0                 1
 59             3                 4
 60             6                 8
 61            15                 8
 62             8                 8
 63             2                 8
 64             0                 1
 65             9                 8
 66             6                 8
 67             3                 4
 68             6                 8
 69             1                 4
 70             9                 8
 71             1                 8
 72             3                 8
 73             2                 1
 74             2                 1
 75             3                 1
 76             7                 8
 77             1                 1
 78             1                 4
 79             5                 8
 80             1                 1
 81             1                 1
 82             2                 1
 83             1                 1
 84             2                 1
 85             1                 4
 86            13                 8
 87             6                 4
 88             5                 4
 89             4                 1
 90             2                 4
 91             5                 4
 92             8                 8
 93             3                 4
 94             1                 4
 95             2                 1
 96             3                 1
 97             8                 8
 98             4                 4
 99             4                 4
100             1                 1
101             0                 1
102             3                 4
103             4                 1
104             1                 8
105             1                 8
106             3                 1
107             3                 8
108             4                 8
109            12                 8
110             3                 4
111             0                 1
112            10                 8
113             3                 1
114             7                 8
115             1                 4
116            12                 8
117             0                 1
118             3                 1
119            17                 8
120             1                 1
121             1                 4
122            11                 8
123            12                 8
124            10                 8
125            10                 8
126             4                 8
127             6                 8
128             1                 1
129             7                 8
130             0                 1
131             1                 1
132             3                 1
133             5                 4
134             0                 1
135             1                 1
136             2                 4
137             8                 8
138             6                 4
139             0                 1
140             1                 1
141            10                 8
142             2                 1
143             2                 4
144             9                 8
145             0                 1
146             1                 1
147             1                 1
148             0                 1
149             0                 1
150             1                 1
151             0                 1
152             1                 1
153             6                 8
154             3                 1
155             2                 1
156             1                 1
157             6                 8
158             2                 1
159             1                 4
160             0                 4
161             1                 1
162             4                 4
163             3                 4
164             1                 8
165             3                 1
166             3                 1
167            11                 8
168             5                 8
169             5                 1
170             0                 4
171             1                 8
172             0                 1
173             0                 1
174             3                 8
175             0                 1
176             7                 8
177             2                 4
178             1                 1
179             6                 4
180             2                 1
181             2                 1
182             2                 1
183             4                 4
184             2                 1
185             2                 1
186             5                 8
187             0                 1
188             2                 1
189             2                 1
190             5                 4
191             2                 1
192             6                 8
193             0                 1
194             1                 1
195             1                 1
196             7                 8
197             3                 4
198             7                 8
199             2                 1
200             7                 8
201             2                 1
202             1                 4
203             4                 8
204            12                 8
205             2                 1
206             7                 8
207             3                 4
208             9                 8
209             0                 4
210             5                 4
211             2                 1
212            10                 8
213             2                 1
214            10                 8
215             1                 4
216            14                 8
217             4                 4
218             3                 8
219             8                 4
220             2                 4
221             2                 1
222             8                 8
223            11                 8
224             1                 8
225             1                 4
226             1                 8

Confusion Matrix (tree-depth4)
Predicted Class   1   4   8
Actual Class               
5                 1   6   7
9                 0   1   5
14                0   0   2
7                 0   0  13
0                24   3   3
3                11   9   4
1                28  13   8
4                 3   5   6
11                0   0   5
2                26   8   2
10                0   0   7
6                 0   4   8
8                 0   1   6
15                0   0   1
13                0   0   1
12                0   0   4
17                0   0   1

Model Summary (tree-depth4)
Overall accuracy = 0.018
