This is classification analysis
The method used here is RDA n--------------
n
     Actual class  Resub prediction
0               1                 1
1               1                 1
2               1                 1
3               1                 1
4               1                 1
5               1                 1
6               1                 1
7               1                 1
8               1                 1
9               1                 1
10              1                 2
11              1                 1
12              1                 1
13              1                 1
14              1                 1
15              1                 1
16              1                 1
17              1                 1
18              1                 1
19              1                 1
20              1                 1
21              2                 2
22              2                 2
23              2                 2
24              2                 2
25              2                 2
26              2                 2
27              2                 2
28              2                 2
29              2                 2
..            ...               ...
395             3                 3
396             3                 3
397             3                 3
398             3                 3
399             3                 3
400             3                 3
401             3                 3
402             3                 3
403             3                 3
404             3                 3
405             4                 4
406             4                 4
407             4                 4
408             4                 4
409             4                 4
410             4                 4
411             4                 4
412             4                 4
413             4                 4
414             4                 4
415             4                 4
416             4                 4
417             4                 4
418             4                 4
419             4                 4
420             4                 4
421             4                 4
422             4                 4
423             4                 4
424             4                 4

[425 rows x 2 columns]
n
Confusion Matrix (Resubstitution)n--------------
Resub prediction   1    2    3    4
Actual class                       
1                 89   15    0    1
2                  6  102    0    2
3                  0    0  109    1
4                  0    0    0  100
n
Model Summary (Resubstitution)n--------------
Overall accuracy =  0.9411764705882353
n
     Actual class  Test prediction
0               1                1
1               1                1
2               1                2
3               1                4
4               1                1
5               1                1
6               1                1
7               1                1
8               1                1
9               1                1
10              1                1
11              1                1
12              1                2
13              1                2
14              1                1
15              1                1
16              1                1
17              1                3
18              1                1
19              1                1
20              1                1
21              2                2
22              2                1
23              2                2
24              2                2
25              2                2
26              2                1
27              2                2
28              2                2
29              2                2
..            ...              ...
306             3                3
307             3                3
308             3                3
309             3                3
310             3                3
311             3                3
312             3                3
313             3                3
314             3                3
315             3                3
316             3                3
317             4                4
318             4                4
319             4                4
320             4                4
321             4                4
322             4                4
323             4                4
324             4                4
325             4                4
326             4                4
327             4                4
328             4                4
329             4                4
330             4                4
331             4                4
332             4                4
333             4                4
334             4                4
335             4                4

[336 rows x 2 columns]
n
Confusion Matrix (Test)n--------------
Test prediction   1   2   3   4
Actual class                   
1                64  15   1   6
2                24  54   1   6
3                 0   0  84   2
4                 0   0   1  78
n
Model Summary (Test)n--------------
Overall accuracy =  0.8333333333333334
n
